[[-1.05972730e-01,  1.22150257e-01,  5.38330488e-02, -8.42795670e-02,
       -1.30760714e-01, -1.19046457e-02, -2.96255872e-02, -6.26438931e-02,
        1.84406132e-01, -9.00506303e-02,  2.11080849e-01, -4.68874574e-02,
       -2.20263720e-01, -2.48289686e-02, -3.92169459e-03,  2.17306897e-01,
       -7.57852495e-02, -1.64641157e-01, -1.36688724e-01,  1.78642906e-02,
        3.11675481e-02,  1.07649527e-01, -8.48366916e-02,  2.88047642e-02,
       -1.22783244e-01, -3.51523966e-01, -9.21505876e-03, -1.84809044e-03,
       -1.76281668e-02, -6.98530376e-02, -7.09894970e-02,  1.25407472e-01,
       -1.40668720e-01, -6.95960373e-02,  1.73800245e-01,  2.16026232e-01,
       -1.51908826e-02, -9.87864360e-02,  1.12748042e-01,  2.15675980e-02,
       -3.09458077e-01, -9.67098214e-03,  1.33470476e-01,  2.90634245e-01,
        1.85607105e-01,  5.55149373e-03,  3.82596906e-03, -1.71486214e-01,
        1.45441234e-01, -3.48007917e-01,  2.48278640e-02,  1.02401234e-01,
        6.63690493e-02,  5.57522923e-02,  9.53756869e-02, -2.05496028e-01,
        2.29111202e-02,  1.08392768e-01, -2.35630661e-01, -6.28209114e-02,
        5.03334515e-02, -1.24501452e-01, -1.03433512e-01, -1.46944627e-01,
        1.83505952e-01,  1.32986337e-01, -1.42773822e-01, -1.18048698e-01,
        1.70738995e-01, -1.34893492e-01, -3.38334590e-02,  5.21136969e-02,
       -8.55796337e-02, -1.81873992e-01, -3.34420472e-01, -3.02788429e-03,
        3.92949283e-01,  1.20092206e-01, -2.05234841e-01,  4.73541021e-02,
       -2.24296432e-02,  4.53647226e-02,  2.28128936e-02,  9.20914337e-02,
       -2.52738614e-02, -1.29921632e-02, -6.88548088e-02,  3.68370861e-02,
        2.69034445e-01, -8.79045054e-02,  8.69581625e-02,  1.88422844e-01,
        1.39231486e-02, -3.55599150e-02,  4.48178453e-03,  1.18095331e-01,
       -1.11479357e-01, -4.96105477e-02, -1.73812419e-01, -5.86952753e-02,
        7.17362538e-02, -7.94628859e-02,  2.64308602e-02,  1.86532989e-01,
       -3.23331654e-01,  1.22859001e-01,  1.26588624e-02, -7.45324343e-02,
        1.01430133e-01, -6.48453385e-02,  2.19707694e-02, -7.61225298e-02,
        1.30624667e-01, -2.24215165e-01,  1.58897549e-01,  1.87451571e-01,
        4.07791603e-03,  1.70076758e-01,  4.66601141e-02,  5.70388660e-02,
        1.12257628e-02, -7.24774748e-02, -1.56180695e-01, -1.05001479e-01,
        3.31273004e-02,  3.48194502e-04, -5.76447360e-02,  2.47369520e-04], [-1.28655270e-01,  1.27080873e-01, -1.19657302e-03, -6.66646734e-02,
       -1.28819451e-01, -2.66643204e-02, -2.27483884e-02, -5.82749769e-02,
        2.24101558e-01, -1.06667332e-01,  1.80654079e-01, -1.33549184e-01,
       -2.72677332e-01,  5.53878918e-02, -1.06337592e-01,  1.89487174e-01,
       -2.14534283e-01, -1.18372470e-01, -3.97279412e-02, -3.01004872e-02,
        1.34808436e-01,  2.22118441e-02, -8.55264068e-02,  1.34643823e-01,
       -1.19627029e-01, -3.53263259e-01,  2.94815749e-03, -1.31020516e-01,
       -3.86169851e-02, -1.37183473e-01,  4.03237268e-02,  9.43530127e-02,
       -2.01082259e-01, -2.82990001e-02, -2.34481879e-02,  4.75253463e-02,
       -4.17517610e-02, -3.80874798e-02,  2.17949390e-01,  5.32452874e-02,
       -2.38865376e-01, -3.51672918e-02,  4.04099226e-02,  2.97650754e-01,
        1.55682966e-01,  2.96643693e-02,  3.53551283e-03, -1.26865298e-01,
        1.09274678e-01, -3.28790784e-01, -4.27267253e-02,  2.06604153e-01,
        2.04880163e-02,  5.51577508e-02,  5.82622513e-02, -1.41187251e-01,
       -8.24609585e-03,  4.46269289e-03, -2.24751621e-01,  5.69436215e-02,
        8.00911039e-02, -9.42433104e-02, -4.77528870e-02, -1.20535932e-01,
        2.43544579e-01,  4.07606475e-02, -1.16953216e-01, -9.60823074e-02,
        1.59073815e-01, -2.05915362e-01, -7.81008005e-02,  8.08195844e-02,
       -6.78386539e-02, -2.47116581e-01, -2.92227507e-01,  8.69555306e-03,
        3.45848292e-01,  1.47849068e-01, -1.30597219e-01,  9.88922417e-02,
       -5.46402708e-02, -9.74498540e-02,  7.40009621e-02,  1.87023640e-01,
        6.75894693e-02,  2.19269637e-02, -1.54304020e-02,  1.07763141e-01,
        1.91045269e-01, -1.00771815e-01,  4.80035134e-02,  2.79029757e-01,
       -2.14889776e-02, -2.66969614e-02, -5.42159081e-02,  4.95331548e-02,
       -1.36370063e-01,  7.62880594e-03, -9.94208232e-02, -6.65397104e-03,
        6.14315271e-02,  4.25958596e-02,  6.16498385e-03,  8.14175010e-02,
       -1.87639654e-01,  9.55062732e-02, -5.23348637e-02, -7.92685151e-02,
       -4.45065871e-02, -7.16765150e-02, -9.98654962e-02, -4.42597792e-02,
        1.72858521e-01, -2.20162958e-01,  1.85260341e-01,  1.45374343e-01,
       -3.13315773e-04,  1.07835054e-01,  3.08311135e-02,  6.87130634e-03,
        4.96423207e-02, -5.52217476e-02, -2.09978461e-01, -4.38294634e-02,
        8.73561651e-02, -2.70117242e-02, -2.47222278e-02, -5.75544909e-02], [-0.1277727 ,  0.14326827,  0.0465038 , -0.08294445, -0.16729069,
        0.03424251, -0.02081932, -0.05430392,  0.24343358, -0.10078199,
        0.19907744, -0.14924879, -0.30324504,  0.01177433, -0.06876797,
        0.23453394, -0.22472358, -0.10715695, -0.07021189, -0.01516395,
        0.12512758,  0.04929992, -0.00215961,  0.11700864, -0.16876778,
       -0.35552692,  0.0255215 , -0.14218415, -0.07352834, -0.1851144 ,
        0.0398606 ,  0.09758063, -0.14206629, -0.02651903, -0.01101188,
        0.06329771, -0.03731926, -0.12259218,  0.25822136,  0.01100217,
       -0.2356683 , -0.09275869,  0.0652    ,  0.21993878,  0.14237125,
       -0.02117011,  0.04758881, -0.09695606,  0.12530723, -0.38420099,
       -0.00885809,  0.19124766,  0.01095331,  0.06348957,  0.13109586,
       -0.17660294, -0.04385351,  0.1013184 , -0.19261727,  0.12326165,
        0.10524057, -0.07546595, -0.00676262, -0.12103911,  0.19550942,
        0.0513875 , -0.12919679, -0.10495851,  0.16725695, -0.1048849 ,
       -0.07986613,  0.10273068, -0.10425129, -0.31622288, -0.26898956,
        0.03278075,  0.31077135,  0.20173767, -0.17874098, -0.01288406,
       -0.06916886, -0.06221172,  0.02118605,  0.12762158,  0.11174096,
       -0.051851  , -0.06744079,  0.0734226 ,  0.20045134, -0.1134633 ,
        0.02566813,  0.3248333 , -0.00696895, -0.07643793, -0.08887225,
        0.0672068 , -0.1415612 ,  0.05197615, -0.12069532,  0.02919747,
        0.08043224, -0.0108685 ,  0.00141274,  0.07306087, -0.15812412,
        0.06235699, -0.07419159, -0.10769109, -0.0910176 , -0.06655188,
       -0.18489467, -0.00121753,  0.23161131, -0.21237032,  0.20545422,
        0.17532647,  0.01708477,  0.15105373,  0.06470739,  0.07529994,
        0.1076383 , -0.07041282, -0.12190402, -0.10196166,  0.08339404,
        0.02133675, -0.04605749, -0.00216252], [-0.15105511,  0.08325637, -0.01287326, -0.0443725 , -0.11512071,
       -0.02393386,  0.01485969, -0.08116962,  0.24450852, -0.07993154,
        0.15621348, -0.07234319, -0.28019875, -0.02754948,  0.00158207,
        0.15572403, -0.1884407 , -0.07524376, -0.04623793, -0.0518732 ,
        0.09549814, -0.00761212,  0.01172867,  0.14275846, -0.12910448,
       -0.32304752,  0.00060969, -0.1533241 , -0.02507116, -0.16222459,
       -0.02855311,  0.07063013, -0.17519873, -0.12210998,  0.00971656,
        0.02749846, -0.04476849, -0.02153769,  0.23800316,  0.02764199,
       -0.18328363, -0.09544884,  0.04723248,  0.22577485,  0.15909646,
        0.08711345, -0.01327532, -0.11269321,  0.19959502, -0.28304356,
       -0.01574242,  0.15497771,  0.03179969,  0.03860537,  0.10808872,
       -0.18095762,  0.0128113 ,  0.09320404, -0.20810138,  0.10190877,
        0.03806052, -0.08679598,  0.00551252, -0.02462465,  0.22534084,
        0.02413379, -0.06717504, -0.0757414 ,  0.12597327, -0.14958318,
       -0.06260112,  0.06706378, -0.07474685, -0.26234379, -0.27241671,
       -0.01332842,  0.29047257,  0.15469083, -0.15597594,  0.03641905,
       -0.08333945, -0.08161678,  0.11570485,  0.10981832,  0.01313819,
       -0.02786994, -0.03985667, -0.01517149,  0.18454888, -0.04119465,
        0.04498041,  0.29652226, -0.00676999,  0.00853663, -0.0143628 ,
        0.00642378, -0.17751722,  0.02107711, -0.12657893, -0.06598787,
        0.06391971, -0.02377132,  0.06020154,  0.07897027, -0.25375924,
        0.04466454, -0.04583485, -0.03963633, -0.04350113, -0.04362848,
       -0.15075694, -0.05446872,  0.13736983, -0.24212617,  0.20647202,
        0.19168802, -0.00610441,  0.13041472,  0.03107906,  0.00180067,
        0.05929632, -0.0093118 , -0.11843623, -0.0281315 ,  0.14222488,
       -0.00874316, -0.00148999, -0.04426417], [-1.06543638e-01,  1.31371260e-01,  5.11330701e-02, -9.25398767e-02,
       -1.64490715e-01, -4.64283675e-03, -4.09107544e-02, -6.48755059e-02,
        2.56116509e-01, -8.91329944e-02,  1.73697427e-01, -1.33592263e-01,
       -2.38151163e-01, -4.47264723e-02, -2.95865498e-02,  2.05426335e-01,
       -1.64500177e-01, -7.91006088e-02, -5.88389374e-02, -3.67265455e-02,
        1.18277676e-01, -1.35304537e-02,  2.33394951e-02,  1.42448932e-01,
       -1.97922558e-01, -3.73714119e-01,  2.26858556e-02, -1.32900640e-01,
       -9.10344571e-02, -1.95448771e-01,  1.04480507e-02,  8.44511688e-02,
       -1.52631953e-01, -6.00130633e-02, -1.64628644e-02,  1.02311172e-01,
       -5.98136410e-02, -1.12502918e-01,  1.65811867e-01,  1.58574991e-02,
       -2.20551014e-01, -7.13494644e-02,  3.95079777e-02,  1.77389532e-01,
        2.05137178e-01,  3.25249508e-02,  9.82319489e-02, -1.21960804e-01,
        1.74913242e-01, -3.17654878e-01, -1.59906484e-02,  1.79871455e-01,
       -5.11926524e-02,  2.52027344e-02,  1.41787603e-01, -1.86970040e-01,
       -2.12717988e-02,  1.53496549e-01, -1.78742915e-01,  1.03780657e-01,
        8.94042552e-02, -5.81435114e-03, -5.22796512e-02, -6.40295595e-02,
        1.63351774e-01,  8.54063034e-02, -1.13250352e-01, -1.00714929e-01,
        1.89162374e-01, -1.26421392e-01, -5.35809509e-02,  6.51075095e-02,
       -1.15724750e-01, -3.33492309e-01, -2.35083684e-01,  1.20536769e-02,
        3.21535349e-01,  2.10821882e-01, -1.76008061e-01, -4.79903305e-03,
       -1.03912942e-01,  1.72452666e-02,  4.40927073e-02,  9.85221118e-02,
        7.97688290e-02, -4.96480502e-02, -7.62465447e-02,  1.89779941e-02,
        1.71359926e-01, -5.09043559e-02,  6.76290989e-02,  3.27761978e-01,
        4.90775891e-03, -6.98182434e-02, -7.74986669e-02,  3.10652312e-02,
       -1.99261039e-01,  9.85191092e-02, -1.30965590e-01, -5.48250601e-02,
        8.98778960e-02, -3.57451588e-02,  2.10164264e-02,  6.82419613e-02,
       -2.45347753e-01,  1.16191402e-01, -5.62671982e-02, -3.02068777e-02,
       -4.88006659e-02, -3.82123739e-02, -1.50221571e-01, -1.90616585e-04,
        2.03619882e-01, -2.08395109e-01,  1.74580276e-01,  2.19323575e-01,
        5.20241223e-02,  1.68664381e-01,  1.01489998e-01,  7.74379522e-02,
        1.30352855e-01, -6.92659765e-02, -1.23444736e-01, -4.98813242e-02,
        1.85253676e-02, -1.27627887e-03, -7.76076466e-02, -2.83036381e-04], [-0.11135174,  0.04571865,  0.01480733, -0.06811287, -0.13407245,
       -0.03681151, -0.02429494, -0.08927561,  0.19763829, -0.18604052,
        0.16641934, -0.04662911, -0.18775249,  0.11441993, -0.10287005,
        0.18790644, -0.17125545, -0.09703828, -0.077996  , -0.07218532,
        0.11339649,  0.0476687 , -0.06682632,  0.09100237, -0.14439088,
       -0.27915284, -0.06849252, -0.06883018,  0.06624316, -0.02059328,
       -0.01273237,  0.07108308, -0.1604698 ,  0.00313384,  0.04818832,
        0.04860047, -0.01827259, -0.03465099,  0.16142721, -0.00429859,
       -0.25293151,  0.01831567,  0.09158403,  0.25337952,  0.10612118,
        0.1261013 ,  0.01322838, -0.07275604,  0.12042969, -0.31192559,
       -0.02742392,  0.09014837,  0.04476327,  0.06898896,  0.03708068,
       -0.23853451,  0.07191594,  0.08048887, -0.23088771,  0.07947494,
        0.07588062, -0.12711985,  0.00482695, -0.01831645,  0.25342053,
        0.0962392 , -0.12900475, -0.10094544,  0.20036925, -0.21547721,
        0.0180136 ,  0.08398452, -0.07022368, -0.20050786, -0.25366518,
       -0.02849767,  0.44067162,  0.21183449, -0.06308822,  0.04407441,
       -0.04113543,  0.0501853 ,  0.10810459,  0.06659187, -0.05419749,
       -0.03366851, -0.08684485,  0.03779453,  0.2385174 , -0.04324128,
        0.02115294,  0.252893  ,  0.03605865, -0.01213478, -0.0680102 ,
        0.08732314, -0.17312784, -0.04290204, -0.06340385,  0.00416139,
        0.02111894, -0.00129207,  0.04920206,  0.15618253, -0.22372298,
        0.17041183, -0.10205144, -0.03503598, -0.04289881,  0.08116151,
       -0.06340232, -0.0290621 ,  0.09501819, -0.21541876,  0.16086528,
        0.214476  ,  0.03290414,  0.14868177,  0.02607081,  0.00514154,
        0.00541462, -0.04635204, -0.21821721, -0.1201766 ,  0.05096175,
       -0.11510926,  0.04619724,  0.0149063 ], [-7.13877082e-02,  1.44915566e-01, -3.40068378e-02, -6.42633960e-02,
       -2.99314111e-02, -2.89887860e-02, -3.18441279e-02,  9.68116336e-04,
        1.85393125e-01, -1.71098262e-02,  2.57626742e-01,  4.82419878e-03,
       -1.98855788e-01, -1.47025026e-02, -5.07774390e-02,  7.96921849e-02,
       -1.59139633e-01, -1.28730506e-01, -4.88575101e-02, -6.82193115e-02,
        7.23381341e-02,  5.54766208e-02, -2.49200035e-02,  9.88039523e-02,
       -1.24150887e-01, -3.04067284e-01, -5.45112267e-02, -1.40064701e-01,
        8.56852233e-02, -1.83536604e-01, -3.50324251e-02,  1.15831330e-01,
       -1.33143887e-01, -7.14831725e-02,  5.07076159e-02,  5.08809946e-02,
        4.47330251e-03, -8.59262347e-02,  2.11344942e-01,  6.24418706e-02,
       -8.64228755e-02,  1.06735779e-02,  1.15553565e-01,  3.79278630e-01,
        1.59736589e-01, -1.34636285e-02,  4.20625433e-02, -6.49713054e-02,
        1.15399048e-01, -1.51228145e-01,  8.50482881e-02,  1.51082262e-01,
        1.58627257e-01,  1.38879240e-01,  8.66553858e-02, -1.67175189e-01,
        2.28254907e-02,  1.05782136e-01, -2.34004334e-01,  1.20732509e-01,
        5.94183356e-02,  2.68909764e-02, -5.65950666e-03, -6.36322945e-02,
        1.73758611e-01,  4.85791974e-02, -1.15569025e-01, -1.11569315e-01,
        1.21712036e-01, -1.47028804e-01, -5.45324087e-02,  8.38928819e-02,
       -1.18053846e-01, -1.98444247e-01, -1.55425936e-01,  8.34312513e-02,
        2.85746336e-01,  2.00043887e-01, -1.46272987e-01,  6.19750023e-02,
       -2.98326351e-02, -1.65361688e-01,  2.66062859e-02,  6.13414571e-02,
       -8.66000429e-02, -2.64213420e-03, -8.40879306e-02,  6.91789165e-02,
        2.10458115e-01,  8.82889256e-02, -5.54482080e-03,  2.21148074e-01,
       -2.42903829e-04, -5.09007908e-02,  3.59065235e-02,  8.34432617e-02,
       -1.61761805e-01,  1.81769952e-02, -1.45855755e-01, -2.96909064e-02,
       -6.72304556e-02, -1.30786583e-01, -6.79948032e-02,  9.12463591e-02,
       -1.63988516e-01,  8.89620706e-02,  2.54054610e-02, -2.03287117e-02,
       -8.07695016e-02,  4.61014323e-02, -9.29040462e-02, -6.19639643e-02,
        1.16198093e-01, -2.32661545e-01,  1.36025116e-01,  1.25377119e-01,
        1.38173908e-01,  1.26537099e-01,  3.98388878e-02,  4.11318988e-02,
        6.65262043e-02, -8.88151377e-02, -1.36620402e-01, -5.76355644e-02,
        2.97510531e-02,  6.70813210e-03,  1.23000015e-02,  1.41103081e-02], [-1.12867154e-01,  1.80548579e-01,  2.84307636e-04, -2.78137177e-02,
       -1.01892045e-02, -5.44901844e-03, -6.51907846e-02, -3.30349877e-02,
        1.96678758e-01, -5.70935942e-02,  2.61193484e-01,  5.52879600e-03,
       -2.00502470e-01, -2.70384606e-02, -6.32945374e-02,  8.71657729e-02,
       -1.75394148e-01, -1.44285277e-01, -5.16453087e-02, -3.34273130e-02,
        9.92252082e-02,  6.09379262e-02, -3.38695645e-02,  1.16096303e-01,
       -1.16480991e-01, -3.39661539e-01, -7.33914003e-02, -1.33565858e-01,
        4.16985862e-02, -1.32963181e-01,  7.60449329e-03,  5.03130592e-02,
       -1.35402724e-01, -4.10316139e-02,  6.32150192e-03,  8.52463990e-02,
        2.97745727e-02, -5.43160364e-02,  1.98182181e-01,  3.10706981e-02,
       -1.18160374e-01,  2.51596849e-02,  1.04762755e-01,  3.90101820e-01,
        1.37406915e-01,  1.14588114e-02,  6.94473647e-03, -5.07871322e-02,
        1.30334854e-01, -1.88443348e-01,  8.67957771e-02,  1.87373787e-01,
        1.42057687e-01,  1.08460873e-01,  1.19192809e-01, -1.41181156e-01,
        2.95614265e-02,  1.24692596e-01, -2.05941468e-01,  8.95156115e-02,
        2.51014717e-02,  7.34543130e-02,  1.74496938e-02, -6.40614480e-02,
        1.67468682e-01,  8.77075046e-02, -1.01510994e-01, -1.30309954e-01,
        5.90705313e-02, -1.78898647e-01, -7.43545443e-02,  1.12195492e-01,
       -1.47019938e-01, -1.79803580e-01, -2.30555415e-01,  4.95524481e-02,
        3.72052521e-01,  1.53745890e-01, -1.45046353e-01,  4.03765589e-02,
       -2.52317637e-02, -1.61644921e-01,  4.45291251e-02,  2.58355495e-02,
       -1.05606243e-01, -1.02911880e-02, -1.28977686e-01,  6.63599074e-02,
        2.39357844e-01,  1.05170891e-01, -1.20499525e-02,  2.14926735e-01,
        2.82929279e-03, -6.68250248e-02,  2.42660921e-02,  7.00959712e-02,
       -1.38445824e-01, -1.23741934e-02, -1.56287804e-01, -5.87569065e-02,
       -4.35948856e-02, -8.00253227e-02, -9.83332098e-02,  8.15509930e-02,
       -2.20768645e-01,  8.08641985e-02,  3.71161848e-02, -1.77445784e-02,
       -3.88951860e-02,  8.00120085e-02, -1.62304133e-01, -4.47194092e-02,
        1.77964807e-01, -1.93785787e-01,  1.19403049e-01,  1.14866950e-01,
        1.06997401e-01,  9.29059386e-02,  5.09991646e-02,  4.11368869e-02,
       -1.92446876e-02, -6.05947301e-02, -1.41804934e-01, -7.11770430e-02,
        3.38402167e-02, -1.62782073e-02,  3.51225585e-02, -1.61814541e-02], [-0.13675879,  0.09679398, -0.02548833, -0.04207696,  0.01238972,
        0.01747211, -0.04000993,  0.02618004,  0.22725751, -0.09309316,
        0.14757945,  0.03931243, -0.23062259, -0.07737309,  0.01253816,
        0.13184796, -0.15617947, -0.13802263, -0.04045277, -0.02289558,
        0.12132768,  0.01633091, -0.01793757,  0.11313502, -0.18437551,
       -0.37518176, -0.1029568 , -0.12043582, -0.07048136, -0.14845747,
        0.03617858,  0.09003174, -0.14445361, -0.02357744,  0.01666349,
        0.10119753,  0.02537456,  0.05912525,  0.20191711,  0.07700321,
       -0.18381737,  0.04701889,  0.044941  ,  0.32116309,  0.16104288,
        0.06419931,  0.02162654, -0.01419547,  0.07909165, -0.2583366 ,
        0.03289111,  0.16750048,  0.1005815 ,  0.06595867,  0.10737457,
       -0.12915641,  0.01514573,  0.09008838, -0.20962228,  0.10512108,
        0.02507257, -0.09491383, -0.03524718,  0.0381673 ,  0.1576616 ,
        0.09418853, -0.13103625, -0.10929243,  0.16545309, -0.17367353,
       -0.00453828,  0.12915789, -0.10374289, -0.22729275, -0.25344753,
        0.05103248,  0.41574058,  0.18773614, -0.15761644,  0.03487299,
       -0.07427154, -0.00530865,  0.08746853,  0.04810084, -0.08924242,
       -0.02905569, -0.07020925,  0.08270729,  0.17532572,  0.12459013,
       -0.03608014,  0.197662  ,  0.04602427,  0.05185394,  0.0377598 ,
        0.04162676, -0.03397041, -0.07229824, -0.14864528, -0.00704011,
       -0.05088836, -0.08837394, -0.01827973,  0.08948381, -0.1616073 ,
        0.1041991 ,  0.02279961, -0.04919799, -0.06606127,  0.20996867,
       -0.16992493, -0.02997472,  0.11248934, -0.28419128,  0.14850123,
        0.20594878, -0.0175479 ,  0.0974282 ,  0.05044296,  0.09175107,
       -0.02768786, -0.08254788, -0.14745611, -0.07393965,  0.04386147,
        0.02096274,  0.0773818 , -0.03462506], [-0.09754668,  0.11246975,  0.00425693, -0.03209076,  0.0114211 ,
       -0.10390764, -0.05474944, -0.01041552,  0.17481288, -0.0537814 ,
        0.1729811 ,  0.08377424, -0.19875297, -0.06505106,  0.02406652,
        0.06392092, -0.14537103, -0.10903503, -0.0780585 , -0.06866344,
        0.03056836,  0.07478237,  0.02757954,  0.10050742, -0.11507896,
       -0.35035104, -0.07093612, -0.15221243, -0.04009398, -0.15349039,
       -0.00678402,  0.11094478, -0.10578294, -0.07467302,  0.05159351,
        0.08155472,  0.03850815,  0.00201067,  0.21993506,  0.09471363,
       -0.12599283,  0.02171047,  0.07919888,  0.37315869,  0.2148414 ,
        0.02473207,  0.03308985, -0.04922055,  0.13994308, -0.18105797,
        0.06964282,  0.13350952,  0.09944614,  0.08160876,  0.15747529,
       -0.17711091,  0.03853279,  0.04572031, -0.21172993,  0.071459  ,
        0.00521262, -0.02920455, -0.01003644,  0.03107932,  0.20386253,
        0.05861739, -0.12545277, -0.04435176,  0.10181906, -0.1861935 ,
       -0.03188117,  0.08695772, -0.11098689, -0.178644  , -0.2014291 ,
        0.06117536,  0.32638466,  0.15512171, -0.19647829,  0.04916691,
       -0.05466948, -0.13862909,  0.07712196,  0.09550966, -0.10976995,
        0.02599472, -0.06983808,  0.05499194,  0.18981408,  0.13630959,
       -0.02240953,  0.22335392,  0.01967761, -0.00234271,  0.10215117,
        0.05139716, -0.1306649 , -0.05374078, -0.18361129, -0.04605317,
       -0.0064713 , -0.14540315, -0.06324278,  0.07026108, -0.20276043,
        0.07486113,  0.02573157, -0.05499252, -0.06691731,  0.07757676,
       -0.11225954, -0.05943335,  0.11905156, -0.23028362,  0.1583959 ,
        0.15391226,  0.03092327,  0.14625724,  0.01157249,  0.04417164,
       -0.0156808 , -0.06392705, -0.0777787 , -0.05949115,  0.03631014,
        0.04216402,  0.07643583, -0.02229046], [-0.12984979,  0.17035902,  0.01788194, -0.05212919,  0.01161163,
       -0.0960679 , -0.07293899, -0.08138962,  0.16936156, -0.04915945,
        0.16036086,  0.0171891 , -0.19218288, -0.08946195,  0.0141089 ,
        0.0722229 , -0.18186946, -0.14235415, -0.10908546, -0.07052831,
        0.00150571,  0.01780095,  0.01769796,  0.12788747, -0.14658147,
       -0.3621524 , -0.05256756, -0.10724113,  0.00065118, -0.12895393,
        0.0096327 ,  0.0741324 , -0.12941685, -0.06538352,  0.0272596 ,
        0.09406406, -0.00821677, -0.02757749,  0.25249538,  0.04862688,
       -0.14503309,  0.06795254,  0.05041705,  0.39527485,  0.24972701,
        0.00434464,  0.00972328, -0.04421806,  0.16666332, -0.19254936,
        0.06930456,  0.19420448,  0.0720628 ,  0.05183645,  0.16396594,
       -0.13298592,  0.02656325,  0.07127431, -0.20631132,  0.06828769,
        0.0449691 , -0.04530656,  0.01016929, -0.01894249,  0.16752718,
        0.07260744, -0.12923849, -0.04742033,  0.10082391, -0.17904663,
       -0.00623383,  0.0511018 , -0.0965765 , -0.17666787, -0.26041132,
        0.06791736,  0.3406837 ,  0.18224278, -0.21145512,  0.0159499 ,
       -0.03407222, -0.12120631,  0.09832963,  0.07464459, -0.16040975,
       -0.01962389, -0.08256112,  0.05783959,  0.19378798,  0.16651362,
       -0.04862014,  0.23587462,  0.03925326, -0.04570103,  0.09142257,
        0.02847505, -0.16351935, -0.06371371, -0.20248091, -0.01827086,
        0.01674221, -0.12542172, -0.03513044,  0.10171981, -0.17952371,
        0.10736112,  0.05034975, -0.02811099, -0.05555793,  0.10217578,
       -0.16890822, -0.06983388,  0.14260642, -0.20463993,  0.14985541,
        0.14881177,  0.08417268,  0.11123597,  0.07499587,  0.01552012,
       -0.0176784 , -0.00139282, -0.03934984, -0.07182034,  0.03819367,
        0.03191227,  0.12904991,  0.00790985], [-0.13213022,  0.1380052 ,  0.01431657, -0.04300784, -0.02566278,
       -0.04294108, -0.09747391, -0.01196585,  0.19993255, -0.08787481,
        0.13748044,  0.09221198, -0.15368742, -0.06988759, -0.04050335,
        0.06156727, -0.18712227, -0.12964179, -0.00420931, -0.07947961,
        0.08065564,  0.05248263, -0.00733744,  0.15047285, -0.11769741,
       -0.33286804, -0.11103828, -0.16089198,  0.02302298, -0.16283514,
       -0.02734153,  0.0225714 , -0.11876216, -0.02811318, -0.02069901,
        0.05548158,  0.03854856,  0.00323911,  0.19418482,  0.07363084,
       -0.11309134,  0.03596986,  0.00414248,  0.37081522,  0.20644686,
        0.04996231,  0.01633402, -0.02089411,  0.12657489, -0.17550497,
        0.08723971,  0.19277313,  0.08027624,  0.06131577,  0.09679625,
       -0.16181126, -0.01657035,  0.08547708, -0.17717126,  0.13823961,
       -0.02272199, -0.08273354,  0.03387227,  0.02345657,  0.18867975,
        0.09780971, -0.118572  , -0.11015318,  0.12568036, -0.23002557,
       -0.01497355,  0.08222509, -0.10247207, -0.1532869 , -0.21025851,
        0.07177064,  0.3766211 ,  0.17347908, -0.16635177,  0.00663408,
       -0.10962737, -0.12187765,  0.07519948,  0.11100085, -0.1027489 ,
       -0.0476018 , -0.10405643,  0.04322233,  0.19052884,  0.12326379,
       -0.0153113 ,  0.22100215,  0.02170081,  0.00858922,  0.04245686,
        0.06230631, -0.15254951, -0.02739888, -0.08488824, -0.007373  ,
       -0.06346074, -0.12744977, -0.06071701,  0.10816672, -0.16426618,
        0.07703241,  0.01632178, -0.04817019, -0.08230282,  0.11813671,
       -0.15515143, -0.10091967,  0.14981331, -0.20949572,  0.16681193,
        0.18320601,  0.0613468 ,  0.1598642 ,  0.01467112,  0.09022128,
       -0.02455804, -0.09323043, -0.07522856, -0.03189994,  0.00602113,
       -0.00737196,  0.04727182, -0.01181906], [-8.93456042e-02,  9.09257755e-02, -1.04913814e-02, -4.53820340e-02,
        1.35278050e-02, -1.12046182e-01, -3.55709977e-02, -2.64917640e-03,
        1.90535679e-01, -4.97827530e-02,  1.47560656e-01,  7.20872730e-02,
       -1.30811915e-01, -6.46027699e-02,  3.85040604e-03,  6.47200793e-02,
       -1.62588239e-01, -9.92882997e-02, -7.47778565e-02, -6.78251907e-02,
        3.71335261e-02,  5.91302328e-02, -1.44861564e-02,  8.62869248e-02,
       -1.29465073e-01, -3.38993400e-01, -8.23038965e-02, -1.18239082e-01,
        9.60093457e-03, -1.27625629e-01, -3.11266538e-03,  1.71328142e-01,
       -1.16155937e-01, -5.38647622e-02,  3.94060165e-02,  9.46295708e-02,
        3.41165364e-02,  2.74308212e-02,  1.92445010e-01,  1.16360299e-01,
       -1.42365783e-01,  4.24121134e-02,  7.40091875e-02,  3.99962217e-01,
        2.26773366e-01,  7.19893118e-03,  2.39269324e-02, -1.65077504e-02,
        1.67018622e-01, -1.70724839e-01,  5.99684268e-02,  1.22989088e-01,
        8.73415470e-02,  7.04368576e-02,  1.64050356e-01, -1.43304199e-01,
        2.33232267e-02,  6.27972931e-03, -2.01272517e-01,  1.02235995e-01,
        5.77597367e-03, -6.74341843e-02, -3.93948555e-02, -9.53600835e-03,
        1.13316111e-01,  6.75015971e-02, -7.14120865e-02, -1.09423481e-01,
        1.19788021e-01, -2.23643512e-01, -3.49435546e-02,  8.86751115e-02,
       -9.45118442e-02, -1.52210042e-01, -2.36824960e-01,  3.56094092e-02,
        3.25561285e-01,  1.64976299e-01, -1.58529893e-01,  7.85213038e-02,
        5.87826781e-03, -1.61328807e-01,  1.06875196e-01,  9.61314216e-02,
       -1.12367757e-01,  6.35811239e-02, -7.38356113e-02,  7.15828538e-02,
        2.15706617e-01,  1.18701115e-01, -3.07769552e-02,  2.08629966e-01,
        1.36769004e-03, -3.27997841e-04,  7.15790242e-02,  1.52818328e-02,
       -1.16482392e-01, -3.00032664e-02, -1.90214202e-01, -5.10296375e-02,
        2.04719789e-02, -1.56830028e-01, -5.70762642e-02,  7.20314756e-02,
       -1.82908088e-01,  9.76506025e-02,  3.39027606e-02, -1.22898789e-02,
       -6.84091225e-02,  9.85063389e-02, -1.47060990e-01, -4.22134213e-02,
        1.29560813e-01, -1.78743914e-01,  1.50681615e-01,  1.54392257e-01,
        4.53922935e-02,  9.82236639e-02,  3.41920070e-02,  2.36696340e-02,
       -1.25333592e-02, -4.50488478e-02, -7.33879879e-02, -4.97537181e-02,
        1.09784910e-02,  2.78981235e-02,  5.23174480e-02, -1.08194631e-02], [-8.93456042e-02,  9.09257755e-02, -1.04913814e-02, -4.53820340e-02,
        1.35278050e-02, -1.12046182e-01, -3.55709977e-02, -2.64917640e-03,
        1.90535679e-01, -4.97827530e-02,  1.47560656e-01,  7.20872730e-02,
       -1.30811915e-01, -6.46027699e-02,  3.85040604e-03,  6.47200793e-02,
       -1.62588239e-01, -9.92882997e-02, -7.47778565e-02, -6.78251907e-02,
        3.71335261e-02,  5.91302328e-02, -1.44861564e-02,  8.62869248e-02,
       -1.29465073e-01, -3.38993400e-01, -8.23038965e-02, -1.18239082e-01,
        9.60093457e-03, -1.27625629e-01, -3.11266538e-03,  1.71328142e-01,
       -1.16155937e-01, -5.38647622e-02,  3.94060165e-02,  9.46295708e-02,
        3.41165364e-02,  2.74308212e-02,  1.92445010e-01,  1.16360299e-01,
       -1.42365783e-01,  4.24121134e-02,  7.40091875e-02,  3.99962217e-01,
        2.26773366e-01,  7.19893118e-03,  2.39269324e-02, -1.65077504e-02,
        1.67018622e-01, -1.70724839e-01,  5.99684268e-02,  1.22989088e-01,
        8.73415470e-02,  7.04368576e-02,  1.64050356e-01, -1.43304199e-01,
        2.33232267e-02,  6.27972931e-03, -2.01272517e-01,  1.02235995e-01,
        5.77597367e-03, -6.74341843e-02, -3.93948555e-02, -9.53600835e-03,
        1.13316111e-01,  6.75015971e-02, -7.14120865e-02, -1.09423481e-01,
        1.19788021e-01, -2.23643512e-01, -3.49435546e-02,  8.86751115e-02,
       -9.45118442e-02, -1.52210042e-01, -2.36824960e-01,  3.56094092e-02,
        3.25561285e-01,  1.64976299e-01, -1.58529893e-01,  7.85213038e-02,
        5.87826781e-03, -1.61328807e-01,  1.06875196e-01,  9.61314216e-02,
       -1.12367757e-01,  6.35811239e-02, -7.38356113e-02,  7.15828538e-02,
        2.15706617e-01,  1.18701115e-01, -3.07769552e-02,  2.08629966e-01,
        1.36769004e-03, -3.27997841e-04,  7.15790242e-02,  1.52818328e-02,
       -1.16482392e-01, -3.00032664e-02, -1.90214202e-01, -5.10296375e-02,
        2.04719789e-02, -1.56830028e-01, -5.70762642e-02,  7.20314756e-02,
       -1.82908088e-01,  9.76506025e-02,  3.39027606e-02, -1.22898789e-02,
       -6.84091225e-02,  9.85063389e-02, -1.47060990e-01, -4.22134213e-02,
        1.29560813e-01, -1.78743914e-01,  1.50681615e-01,  1.54392257e-01,
        4.53922935e-02,  9.82236639e-02,  3.41920070e-02,  2.36696340e-02,
       -1.25333592e-02, -4.50488478e-02, -7.33879879e-02, -4.97537181e-02,
        1.09784910e-02,  2.78981235e-02,  5.23174480e-02, -1.08194631e-02], [-1.21200345e-01,  4.31857966e-02,  5.69596142e-02,  7.88716786e-03,
       -3.17088910e-04, -2.46715546e-02, -8.54124222e-03,  3.57884876e-02,
        1.85793728e-01, -1.14048310e-01,  2.33104497e-01,  1.81218125e-02,
       -2.13437304e-01, -7.38368630e-02, -6.92159534e-02,  1.11121483e-01,
       -1.07069165e-01, -9.73182321e-02, -1.00222096e-01, -6.12646155e-02,
        5.28739914e-02,  6.35779947e-02,  5.28882369e-02,  6.10521510e-02,
       -6.48090839e-02, -3.97415638e-01, -9.96045098e-02, -1.18226826e-01,
        4.31586802e-02, -2.01281756e-01, -4.43040989e-02,  6.20371774e-02,
       -8.49755779e-02, -3.55209187e-02, -2.81946845e-02,  6.96619600e-02,
        1.09710898e-02, -6.27098158e-02,  2.29863316e-01,  6.93415403e-02,
       -1.67115673e-01, -9.21232719e-03,  1.96025800e-03,  3.88641238e-01,
        1.57303616e-01, -1.37588186e-02,  4.95721847e-02, -5.36817126e-02,
        1.14878736e-01, -2.58989245e-01,  9.23468024e-02,  1.33488417e-01,
        1.13346450e-01,  6.98363706e-02,  1.14044778e-01, -9.28939730e-02,
       -9.54119489e-04,  1.22215800e-01, -1.72731727e-01,  1.39084578e-01,
        1.97713431e-02, -4.71574180e-02,  1.11984462e-03, -1.96464434e-02,
        1.20076291e-01,  8.75904262e-02, -1.19404398e-01, -1.17994152e-01,
        8.16221163e-02, -2.36370102e-01,  1.74472313e-02,  1.48436397e-01,
       -1.00281730e-01, -2.32781067e-01, -2.48314708e-01,  5.18505350e-02,
        3.72328222e-01,  2.07383424e-01, -1.27356738e-01,  9.26127657e-03,
       -7.38036111e-02, -8.24132860e-02,  1.06184527e-01,  1.32483304e-01,
       -9.42610949e-02,  6.33153841e-02, -1.21335275e-01,  7.81898797e-02,
        1.82353824e-01,  6.32781982e-02, -7.93528855e-02,  2.30958790e-01,
        2.11616643e-02,  1.04957549e-02,  4.57134172e-02,  8.37387294e-02,
       -6.58874512e-02, -4.26601246e-02, -1.11176722e-01,  1.25654228e-02,
       -2.82597728e-03, -1.26254752e-01, -5.06156571e-02,  2.89895944e-03,
       -1.49093822e-01,  1.08159214e-01, -2.22990531e-02, -1.23268943e-02,
       -1.25381351e-02,  1.45290373e-02, -1.14629693e-01, -1.84214991e-02,
        1.54494137e-01, -2.45537445e-01,  8.08010921e-02,  2.04294458e-01,
        7.17831552e-02,  1.60217479e-01,  5.00093549e-02,  5.97938076e-02,
       -1.49251604e-02, -1.14064962e-01, -9.94730964e-02, -1.82027929e-02,
        1.91521272e-03,  3.81696038e-02,  5.16105220e-02, -2.56821085e-02], [-1.40729263e-01,  1.30692303e-01,  4.39638123e-02, -8.07699654e-03,
       -5.96063361e-02, -5.55307139e-03, -2.47626100e-02, -6.76700473e-02,
        1.92422703e-01, -9.31898803e-02,  1.86084598e-01, -3.65378112e-02,
       -2.03098759e-01, -4.79161032e-02, -8.72431472e-02,  1.09944925e-01,
       -3.93419825e-02, -1.85810283e-01, -1.10847764e-01, -1.16361067e-01,
       -3.24512944e-02,  3.49495634e-02, -5.98390820e-04,  7.14551806e-02,
       -1.81670800e-01, -3.28546762e-01, -4.21634391e-02, -1.36959672e-01,
       -1.17562953e-02, -4.46252935e-02, -5.48668317e-02,  1.15011893e-01,
       -1.89109579e-01, -5.44347763e-02,  6.51071295e-02,  1.62521005e-01,
        4.29287180e-02,  7.94850439e-02,  2.13561788e-01,  4.68567424e-02,
       -1.10476300e-01,  1.02570303e-01,  4.41514552e-02,  3.31222326e-01,
        1.39109597e-01,  3.96640375e-02,  4.72446047e-02, -4.61494476e-02,
        1.33476436e-01, -2.10555434e-01,  4.01139110e-02,  1.72730774e-01,
        1.58945888e-01,  2.89180893e-02,  9.10557136e-02, -1.44820496e-01,
       -4.48576882e-02,  1.50160253e-01, -1.85415208e-01,  1.40492290e-01,
        3.74248251e-02, -1.39899384e-02, -1.08366422e-01, -8.63352418e-02,
        2.24401608e-01,  1.42475888e-01, -1.56690404e-01, -1.05175927e-01,
        2.09441215e-01, -1.66143984e-01,  1.84591766e-02,  9.04647633e-02,
       -1.04321167e-01, -1.51979715e-01, -1.80983126e-01,  1.23286456e-01,
        4.80718106e-01,  1.77565172e-01, -1.83300644e-01,  4.23526391e-03,
       -6.80384189e-02, -3.58404443e-02, -2.49410775e-02,  1.54644838e-02,
       -1.50399163e-01, -8.37170333e-03, -4.18939292e-02,  3.94881889e-02,
        2.15789840e-01,  1.17975228e-01, -1.58257317e-02,  1.71639010e-01,
       -3.84541228e-04,  6.81061521e-02, -1.71307027e-02, -1.96601301e-02,
       -1.36427104e-01, -6.25353679e-02, -1.40118539e-01,  9.28478315e-04,
       -9.03339162e-02, -1.21876806e-01, -6.22989750e-03,  6.33815154e-02,
       -1.64530292e-01,  1.14449255e-01, -6.46557808e-02, -2.59787198e-02,
       -7.37950951e-02,  1.81325600e-01, -7.85750225e-02, -5.48449531e-03,
        1.65261760e-01, -2.51772761e-01,  1.81754619e-01,  1.39129058e-01,
        3.12840939e-02,  1.17684558e-01,  9.68777388e-02,  4.69283052e-02,
        5.91676533e-02,  3.60261723e-02, -1.33839652e-01, -1.58227354e-01,
        3.68444026e-02, -1.20078579e-01,  7.89132565e-02,  2.70840302e-02], [-1.87565252e-01, -3.63127030e-02, -1.31754903e-02, -9.68688726e-02,
       -1.45701483e-01, -5.03729433e-02,  7.72789307e-03, -2.99731828e-02,
        1.77855432e-01, -1.09524399e-01,  1.64819270e-01, -5.99256530e-02,
       -3.16936016e-01,  3.01498380e-02, -1.01677231e-01,  2.03678548e-01,
       -1.30783886e-01, -2.18419552e-01, -6.22065440e-02, -5.82442284e-02,
        4.89655398e-02,  2.67070383e-02, -1.28350854e-02,  9.43853483e-02,
       -1.36422500e-01, -3.31762135e-01, -2.14033686e-02,  3.59645113e-03,
       -2.53283549e-02, -2.90087257e-02,  5.14377430e-02,  1.38440922e-01,
       -1.84723645e-01,  2.27207653e-02,  6.25850335e-02,  1.36929393e-01,
       -3.48287597e-02, -1.41838282e-01,  2.57927924e-01,  8.86076689e-02,
       -2.84054399e-01, -8.24887529e-02,  5.97200468e-02,  2.65122712e-01,
        1.91531509e-01, -2.37178560e-02,  4.00110409e-02, -1.10140182e-01,
        6.14112504e-02, -3.93128186e-01,  7.54320174e-02,  1.78592414e-01,
        5.01907803e-02, -3.46749350e-02,  1.11182183e-01, -1.38895512e-01,
       -2.67896093e-02,  1.94947615e-01, -1.77293837e-01, -8.72931257e-03,
        4.44847047e-02, -4.31288704e-02, -3.55549380e-02, -1.71536222e-01,
        2.16715440e-01,  1.23564713e-01, -1.50882125e-01, -7.25529715e-02,
        3.42494875e-01, -1.34066001e-01, -9.30854753e-02,  6.60330728e-02,
       -3.59836891e-02, -2.33188108e-01, -2.59239376e-01,  3.19988020e-02,
        3.99553180e-01,  1.89689815e-01, -9.81968641e-02,  1.33746490e-01,
       -4.75132205e-02,  2.16076802e-03,  3.27865854e-02,  1.00476116e-01,
       -4.96452786e-02, -2.71870531e-02, -6.75990209e-02, -1.17283314e-04,
        2.11635232e-01,  4.98079434e-02, -3.55587713e-02,  2.23650053e-01,
        3.38429473e-02, -6.11034781e-02,  8.43480602e-02,  8.19348916e-02,
       -6.00972101e-02, -2.71181278e-02, -1.68124795e-01, -4.62158248e-02,
        4.74785119e-02, -5.72824180e-02,  4.03135866e-02,  1.28952548e-01,
       -1.64011776e-01,  8.65265504e-02, -5.15513867e-02, -6.41458109e-02,
        1.27192857e-02, -6.02648035e-03, -4.50936779e-02, -5.60234487e-03,
        6.68912306e-02, -2.95820385e-01,  1.26691461e-01,  9.64410901e-02,
        2.22922117e-02,  1.83192059e-01,  1.03885166e-01,  6.11162558e-02,
        6.79104850e-02, -1.05487339e-01, -1.87381849e-01, -1.12206414e-01,
        4.72320653e-02,  8.49968381e-03,  4.89603803e-02,  1.05362944e-01], [-0.07951568,  0.04397378,  0.03308482, -0.13334361, -0.13958877,
        0.03545127, -0.00234706, -0.09167588,  0.26464772, -0.2131696 ,
        0.24869344, -0.01953261, -0.18410313,  0.04584113,  0.05878716,
        0.17435578, -0.19248316, -0.15347148, -0.05467992, -0.11889303,
        0.08778377,  0.07919951,  0.05008442,  0.06324699, -0.16715066,
       -0.40182292, -0.08523304, -0.03185164,  0.02396921, -0.07266174,
        0.08895912,  0.13132101, -0.15239337,  0.08425048,  0.03861851,
        0.13062479, -0.02671174, -0.1677032 ,  0.17858329, -0.00313486,
       -0.29079187, -0.05078344,  0.06685978,  0.24284154,  0.11740371,
       -0.03381111,  0.00126571, -0.06539641,  0.11340406, -0.264961  ,
        0.07995885,  0.13687849, -0.0218317 ,  0.01456201,  0.08997725,
       -0.14545074,  0.01783532,  0.12937397, -0.19235259, -0.01557324,
        0.07567717, -0.08843137,  0.02959673, -0.11730479,  0.25315356,
        0.17526878, -0.1523695 , -0.14318027,  0.11312609, -0.0983332 ,
       -0.05785806,  0.09615976, -0.21324909, -0.22413996, -0.23674075,
        0.01344344,  0.49687123,  0.10003974, -0.08081556,  0.04966751,
       -0.04908408, -0.01595479,  0.081325  ,  0.21283786,  0.02325368,
       -0.03298391, -0.07979117,  0.12066072,  0.2347869 , -0.05182225,
       -0.10163831,  0.28878549, -0.04679733,  0.01737477, -0.05255879,
        0.08143494, -0.11609771,  0.03153528, -0.10648236, -0.04215271,
        0.00194003,  0.01866314, -0.03862488,  0.16145375, -0.20203561,
        0.16950317, -0.00628833, -0.00628808,  0.04582619,  0.03330138,
       -0.05905427, -0.08245119,  0.08039025, -0.28916159,  0.11748491,
        0.16207449,  0.06357341,  0.22230168,  0.01862637,  0.08735101,
        0.06333411, -0.06629355, -0.22465678,  0.01292025,  0.032786  ,
        0.02378903, -0.00260545,  0.0377604 ], [-6.74572885e-02,  7.55998045e-02,  6.40201345e-02, -1.62491918e-01,
       -1.22192070e-01,  2.86565684e-02, -3.24110910e-02, -8.85478705e-02,
        2.50506371e-01, -2.00212166e-01,  2.74524420e-01, -2.02688538e-02,
       -1.80796400e-01,  7.21367747e-02,  2.34631486e-02,  1.78622037e-01,
       -2.20866039e-01, -1.09151877e-01, -4.75624055e-02, -8.56944770e-02,
        4.40306664e-02,  4.28008959e-02,  1.63167547e-02,  9.42097306e-02,
       -1.00972608e-01, -3.92027408e-01, -6.81896806e-02, -3.17511745e-02,
        6.18447736e-02, -1.23585388e-01,  2.94789765e-02,  7.07935840e-02,
       -1.83718458e-01,  9.01506469e-02,  3.31893675e-02,  1.10552177e-01,
       -4.47377674e-02, -1.82450920e-01,  2.05820382e-01, -4.59467843e-02,
       -2.75608540e-01, -3.96375880e-02,  9.42539871e-02,  2.01029196e-01,
        1.69625610e-01, -6.27152920e-02, -3.53045911e-02, -5.65787628e-02,
        2.15413556e-01, -2.58733660e-01,  6.81743547e-02,  1.38386637e-01,
        3.75663079e-02,  4.55550551e-02,  7.94040486e-02, -1.37451380e-01,
        3.09749320e-02,  1.25280172e-01, -1.89622626e-01, -1.69369560e-02,
        8.23112130e-02, -8.56113508e-02,  3.50953937e-02, -7.31005147e-02,
        2.23329633e-01,  1.34912893e-01, -1.76092774e-01, -1.47200570e-01,
        1.13138504e-01, -1.04059920e-01, -8.81584268e-03,  9.05738026e-02,
       -1.93766803e-01, -2.21549794e-01, -2.39333853e-01,  4.47347909e-02,
        4.99381512e-01,  1.31764218e-01, -9.87159163e-02,  4.96158786e-02,
       -6.35858476e-02, -6.87831789e-02,  5.31688482e-02,  1.85064688e-01,
       -2.01870129e-03, -4.34058309e-02, -8.73449668e-02,  1.29535764e-01,
        2.44606569e-01, -2.17406917e-02, -7.31826350e-02,  2.61846274e-01,
       -6.11159727e-02,  5.21157086e-02, -7.43099749e-02,  1.11110955e-01,
       -1.51567742e-01, -2.34180596e-04, -1.27775088e-01, -2.17711516e-02,
       -3.03301327e-02,  1.70160774e-02, -5.93342856e-02,  1.88038707e-01,
       -2.19663054e-01,  1.91175058e-01,  6.13184599e-03, -8.01575556e-03,
        2.90913060e-02,  6.59357682e-02, -6.78444207e-02, -7.85084441e-02,
        5.99504635e-02, -2.75965184e-01,  1.49309844e-01,  1.27184853e-01,
        9.77680013e-02,  1.78485751e-01,  1.44445179e-02,  4.80850041e-02,
        8.10697824e-02, -7.99683258e-02, -1.89855158e-01, -3.85323837e-02,
        2.69788019e-02,  1.58819519e-02,  3.33797112e-02,  1.41439028e-02], [-0.06783646,  0.08829627,  0.06122366, -0.10947762, -0.13899395,
       -0.00948258, -0.00191365, -0.09251395,  0.18003084, -0.18134013,
        0.29138955, -0.09484058, -0.18341503,  0.07878874, -0.00999187,
        0.18957043, -0.25482497, -0.10229084, -0.05608987, -0.03053066,
        0.04248054, -0.02528995,  0.04100127,  0.091389  , -0.04183488,
       -0.39616767, -0.07759194, -0.06182748,  0.07621438, -0.06188177,
        0.07141553,  0.03020701, -0.2088441 ,  0.04189269, -0.0100799 ,
        0.09343782, -0.06753233, -0.13997397,  0.18868208, -0.0551603 ,
       -0.26039949, -0.02167955,  0.07276317,  0.20784625,  0.13048643,
        0.03831266, -0.00727371, -0.10287537,  0.15012711, -0.24836881,
        0.06106615,  0.11735512,  0.01418237,  0.07388296,  0.03503978,
       -0.1811714 ,  0.06357384,  0.10551977, -0.18804944, -0.00349903,
        0.070618  , -0.00878968,  0.07547497, -0.11042357,  0.31233382,
        0.15314507, -0.14932095, -0.12608266,  0.14453699, -0.13596523,
       -0.02584518,  0.07912603, -0.17015685, -0.18998693, -0.26227495,
       -0.01542379,  0.4841738 ,  0.1004619 , -0.08527443,  0.00987694,
       -0.07952105, -0.03972531,  0.08122791,  0.20756251,  0.01330437,
       -0.01938771, -0.08412928,  0.04716049,  0.2135061 , -0.0744145 ,
       -0.08680852,  0.23061092, -0.05527483,  0.04369564, -0.03567521,
        0.05284805, -0.13223934,  0.01744321, -0.14665756, -0.01999472,
       -0.09124866, -0.00113125, -0.0871509 ,  0.11307024, -0.18241455,
        0.16268787,  0.0058098 ,  0.01038875, -0.0042005 ,  0.06726198,
       -0.06965621, -0.07040515,  0.10492834, -0.28056797,  0.21962292,
        0.16172364,  0.06288236,  0.18088703,  0.04051754,  0.09777594,
        0.02142975, -0.04832698, -0.20891693, -0.01422104,  0.02027489,
       -0.00934276,  0.03992487,  0.02687082], [-0.11129352,  0.01351225,  0.00710383, -0.08695082, -0.02874977,
       -0.1841341 ,  0.03773626, -0.06810562,  0.24295013, -0.10190939,
        0.18171673, -0.00378586, -0.25813958, -0.08120529,  0.02969662,
        0.11521146, -0.17358389, -0.10358451, -0.09812713, -0.13237107,
        0.04075063,  0.04171893, -0.00503853,  0.05804573, -0.08336784,
       -0.31016037, -0.09505805, -0.18000036,  0.01972151, -0.08909642,
        0.06867287,  0.10809828, -0.03702972, -0.09617235,  0.06993663,
        0.15285583, -0.02051983, -0.03888722,  0.26285747, -0.0064039 ,
       -0.11956705, -0.02455005, -0.00376653,  0.28638592,  0.15625642,
        0.04365744,  0.08424067, -0.07466566,  0.18372305, -0.21898337,
        0.03778952,  0.09846231,  0.11636338,  0.04350483,  0.21692686,
       -0.18220362,  0.04922039,  0.12905174, -0.28699461,  0.07186032,
        0.06409656, -0.07036365, -0.06062733, -0.0032657 ,  0.20052116,
        0.05965447, -0.13467111, -0.06602313,  0.23644604, -0.21016322,
       -0.07573197,  0.08665036, -0.10499304, -0.16851209, -0.19788341,
        0.01808493,  0.39997122,  0.15431534, -0.13740213,  0.03183889,
       -0.00838953, -0.08764335,  0.07285028,  0.04904563, -0.11535944,
        0.01815813, -0.09007664,  0.02287512,  0.14003474,  0.06161225,
       -0.02782887,  0.19846049,  0.00515494,  0.0607038 ,  0.03254743,
       -0.03551907, -0.08037537, -0.00763078, -0.10132612, -0.03866876,
        0.15183774, -0.14089794,  0.01789792,  0.05281033, -0.15950607,
        0.14302109, -0.06543814, -0.00498217, -0.09313928,  0.03250392,
       -0.09480843,  0.068586  ,  0.21196599, -0.23993501,  0.19554803,
        0.19090573, -0.01212726,  0.12462568, -0.02375486, -0.00270103,
        0.0090984 , -0.08005854, -0.2118649 , -0.0928784 ,  0.00740606,
        0.01626411,  0.09884421,  0.03340357], [-0.11279358,  0.10533827,  0.03076474, -0.08989175, -0.08311492,
        0.13132091, -0.08461721, -0.04577341,  0.16651323, -0.14387222,
        0.1619388 ,  0.03877888, -0.2262287 ,  0.00432365, -0.00346747,
        0.11424676, -0.15853494, -0.06773078, -0.10158395, -0.03622837,
        0.09500067,  0.04591298, -0.00897307,  0.06355   , -0.18268612,
       -0.27090266, -0.0768024 , -0.12996291, -0.05299602, -0.09075925,
       -0.09611866, -0.04108253, -0.14876997, -0.03263626,  0.03772162,
        0.11766034, -0.08929159, -0.05530978,  0.12166928,  0.0137119 ,
       -0.11251927,  0.02394311,  0.08772728,  0.23916118,  0.1902802 ,
        0.02005471,  0.01938076, -0.06252154,  0.20582743, -0.28424025,
        0.06698856,  0.11021154,  0.1654627 ,  0.15342876,  0.10739227,
       -0.14141519,  0.07337499,  0.14814031, -0.13607799,  0.11528479,
        0.04922368, -0.05233663,  0.00875296, -0.00786629,  0.22894017,
        0.08808732, -0.13553518, -0.15835491,  0.10397558, -0.07761873,
       -0.06149468,  0.06236077, -0.175257  , -0.23170942, -0.22022061,
        0.08350097,  0.40691438,  0.21123815, -0.12632981,  0.03176664,
       -0.13127641, -0.05817328, -0.01845382,  0.02713897, -0.07757135,
        0.00942967, -0.02787742,  0.12493739,  0.28054559, -0.04933408,
        0.01709025,  0.26889542,  0.03417484,  0.02178973,  0.00372773,
       -0.014907  , -0.10080942, -0.00684229, -0.15600982, -0.01000333,
       -0.01044328, -0.13308652,  0.0342648 ,  0.07865389, -0.26506358,
        0.14741281, -0.01613305, -0.03262033, -0.02224753,  0.0112315 ,
       -0.25975633,  0.02229169,  0.19749358, -0.26849967,  0.18163322,
        0.19150485,  0.18874688,  0.10124142,  0.1233974 ,  0.00299694,
        0.07444108, -0.00641995, -0.15735465, -0.05190034,  0.13593014,
       -0.01403384,  0.02567259,  0.02992315], [-0.11270749,  0.05866864,  0.00721776, -0.08980983, -0.06216625,
        0.1273877 , -0.10794616, -0.01869688,  0.17793375, -0.13407438,
        0.1934284 ,  0.07493982, -0.22522591, -0.00480711, -0.03140179,
        0.11965613, -0.13601725, -0.0917433 , -0.11168376, -0.0366274 ,
        0.07543521,  0.05967082, -0.03763327,  0.06388238, -0.17517318,
       -0.25920567, -0.04661998, -0.13169526, -0.07297831, -0.08778998,
       -0.06358977, -0.02412555, -0.15897894, -0.0287897 ,  0.05546637,
        0.08952858, -0.05630152, -0.05984571,  0.17564842,  0.04622085,
       -0.12991504,  0.05324879,  0.07136704,  0.24296869,  0.15143448,
        0.0232082 ,  0.01775604, -0.06094225,  0.2022717 , -0.30111367,
        0.06957415,  0.14834121,  0.14678054,  0.1391184 ,  0.09154448,
       -0.18609811,  0.06801594,  0.13140357, -0.11047149,  0.1137368 ,
       -0.00323216, -0.03650444,  0.03695004, -0.01982165,  0.22909172,
        0.0719914 , -0.14827788, -0.12166101,  0.11052468, -0.0571968 ,
       -0.06217413,  0.04885965, -0.1737325 , -0.23392177, -0.23291792,
        0.0920204 ,  0.40440211,  0.20038739, -0.17820689,  0.04819095,
       -0.13351373, -0.07066578, -0.0442926 ,  0.04171927, -0.07776049,
        0.01376599, -0.01668022,  0.06372411,  0.3055782 ,  0.01247025,
        0.01090187,  0.28521344,  0.03774048,  0.01034383,  0.03528381,
        0.007994  , -0.09816406, -0.07189526, -0.13818201, -0.01968976,
       -0.02599996, -0.14038835,  0.02362946,  0.09921022, -0.28455877,
        0.15180576, -0.02747885, -0.03845426, -0.02681424,  0.07751   ,
       -0.20183179,  0.00692246,  0.18158522, -0.22859916,  0.20370881,
        0.17638454,  0.21459237,  0.13333577,  0.14049402,  0.01672896,
        0.02853731,  0.01633241, -0.14162846, -0.10517932,  0.08800124,
        0.00644644,  0.04924157,  0.0560789 ]]